T			Rate_Total	LambdaHphi	Lambdaphi	LambdaH	Vsigma	Alpha	mtheta	mH2	mH	dec1	error1	prob1	dec2	error2	prob2	dec3	error3	prob3	dec4	error4	prob4	dec5	error5	prob5	dec6	error6	prob6	dec7	error7	prob7	dec8	error8	prob8	dec9	error9	prob9	dec10	error10	prob10	dec11	error11	prob11	dec12	error12	prob12
1.000000e-03	5.225303e-40	2.000000e-08	1.000000e-01	2.585680e-01	1.000000e+04	-4.927711e-09	1.000000e-20	3.162278e+03	1.250900e+02	0.000000e+00	0.000000e+00	1.000000e+00	8.009004e-3644	0.000000e+00	0.000000e+00	0.000000e+00	0.000000e+00	1.000000e+00	6.612847e-110	1.716018e-01	6.081582e-01	1.101782e-1120	0.000000e+00	0.000000e+00	1.850501e-40	1.480878e-01	3.732340e-05	3.268545e-40	1.534633e-01	1.395210e-04	5.687634e-1563	0.000000e+00	0.000000e+00	1.918721e-118	1.463102e-01	3.635415e-01	1.062569e-41	1.599088e-01	7.085405e-04	0.000000e+00	0.000000e+00	1.000000e+00	0.000000e+00	0.000000e+00	1.000000e+00
1.353048e-03	4.713466e-39	2.000000e-08	1.000000e-01	2.585680e-01	1.000000e+04	-4.927711e-09	1.000000e-20	3.162278e+03	1.250900e+02	0.000000e+00	0.000000e+00	1.000000e+00	6.443432e-2697	0.000000e+00	0.000000e+00	0.000000e+00	0.000000e+00	1.000000e+00	2.856142e-88	2.937196e-01	6.724493e-01	5.505691e-833	3.827997e-01	1.000000e+00	2.696440e-39	1.431602e-01	1.432801e-04	1.968306e-39	1.560733e-01	3.516775e-03	1.097290e-1159	0.000000e+00	1.975083e-186	1.278535e-94	1.424119e-01	6.564356e-01	4.871960e-41	1.497086e-01	3.519313e-04	0.000000e+00	0.000000e+00	1.000000e+00	0.000000e+00	0.000000e+00	1.000000e+00
1.830738e-03	3.494446e-38	2.000000e-08	1.000000e-01	2.585680e-01	1.000000e+04	-4.927711e-09	1.000000e-20	3.162278e+03	1.250900e+02	0.000000e+00	0.000000e+00	1.000000e+00	6.848054e-1997	0.000000e+00	0.000000e+00	0.000000e+00	0.000000e+00	1.000000e+00	2.621657e-72	1.259546e-01	7.602078e-01	2.135163e-620	1.022411e-01	1.000000e+00	2.430017e-38	1.372542e-01	2.406594e-03	1.042205e-38	1.689860e-01	2.857195e-03	1.137811e-861	1.073398e-01	1.000000e+00	4.856179e-77	1.347758e-01	3.390853e-01	2.222417e-40	1.700130e-01	6.630947e-04	0.000000e+00	0.000000e+00	0.000000e+00	0.000000e+00	0.000000e+00	0.000000e+00
2.477076e-03	2.148834e-37	2.000000e-08	1.000000e-01	2.585680e-01	1.000000e+04	-4.927711e-09	1.000000e-20	3.162278e+03	1.250900e+02	0.000000e+00	0.000000e+00	1.000000e+00	1.490449e-1479	0.000000e+00	0.000000e+00	0.000000e+00	0.000000e+00	1.000000e+00	1.554613e-60	1.434834e-01	2.905977e-03	2.635651e-463	1.100929e-01	1.000000e+00	1.625091e-37	1.349730e-01	2.928286e-03	5.136306e-38	1.462750e-01	2.202138e-03	1.919554e-641	1.111887e-01	1.000000e+00	4.500485e-64	1.623946e-01	7.237495e-01	1.011285e-39	1.664901e-01	1.441176e-03	0.000000e+00	0.000000e+00	0.000000e+00	0.000000e+00	0.000000e+00	0.000000e+00
3.351603e-03	1.160506e-36	2.000000e-08	1.000000e-01	2.585680e-01	1.000000e+04	-4.927711e-09	1.000000e-20	3.162278e+03	1.250900e+02	0.000000e+00	0.000000e+00	0.000000e+00	3.097222e-1097	0.000000e+00	0.000000e+00	0.000000e+00	0.000000e+00	1.000000e+00	7.436589e-52	4.609149e-01	4.132306e-01	3.147051e-347	2.087229e-01	3.940271e-01	9.122103e-37	1.590439e-01	2.832808e-03	2.436998e-37	1.500458e-01	9.972727e-04	1.032277e-478	1.109896e-01	1.000000e+00	1.638356e-54	5.164086e-01	2.766014e-02	4.595585e-39	1.772497e-01	1.138356e-06	0.000000e+00	0.000000e+00	0.000000e+00	0.000000e+00	0.000000e+00	0.000000e+00
4.534879e-03	5.798233e-36	2.000000e-08	1.000000e-01	2.585680e-01	1.000000e+04	-4.927711e-09	1.000000e-20	3.162278e+03	1.250900e+02	0.000000e+00	0.000000e+00	0.000000e+00	1.016858e-814	1.088010e-01	1.000000e+00	0.000000e+00	0.000000e+00	0.000000e+00	1.855844e-45	1.397200e-01	4.442473e-02	1.771322e-261	9.940365e-01	9.983315e-01	4.644714e-36	1.423233e-01	1.215471e-03	1.132651e-36	1.634586e-01	5.519818e-04	1.812719e-358	1.700402e-01	7.551055e-01	1.824547e-47	1.543005e-01	1.929417e-02	2.086756e-38	1.562379e-01	6.693396e-04	0.000000e+00	0.000000e+00	0.000000e+00	0.000000e+00	0.000000e+00	0.000000e+00
6.135907e-03	2.771829e-35	2.000000e-08	1.000000e-01	2.585680e-01	1.000000e+04	-4.927711e-09	1.000000e-20	3.162278e+03	1.250900e+02	0.000000e+00	0.000000e+00	0.000000e+00	6.029930e-606	1.138763e-01	1.000000e+00	0.000000e+00	0.000000e+00	0.000000e+00	9.679799e-41	1.353169e-01	9.963571e-01	3.870863e-198	1.088965e-01	1.488463e-01	2.241781e-35	1.600153e-01	4.911909e-06	5.205695e-36	1.551462e-01	3.876611e-04	1.225162e-269	5.572483e-01	3.240368e-01	2.860974e-42	1.662717e-01	2.056879e-01	9.468005e-38	1.664829e-01	2.572161e-04	0.000000e+00	0.000000e+00	0.000000e+00	0.000000e+00	0.000000e+00	0.000000e+00
8.302176e-03	1.296812e-34	2.000000e-08	1.000000e-01	2.585680e-01	1.000000e+04	-4.927711e-09	1.000000e-20	3.162278e+03	1.250900e+02	0.000000e+00	0.000000e+00	0.000000e+00	1.109369e-451	1.097014e-01	1.000000e+00	0.000000e+00	0.000000e+00	0.000000e+00	2.950824e-37	1.484413e-01	9.294107e-04	2.366935e-151	1.963841e-01	3.540485e-01	1.051589e-34	1.485386e-01	1.037010e-03	2.377821e-35	1.538802e-01	6.001542e-04	5.063297e-204	1.130741e-01	1.757255e-01	1.953671e-38	1.376704e-01	4.163701e-05	4.294894e-37	1.752230e-01	3.262901e-04	0.000000e+00	0.000000e+00	0.000000e+00	0.000000e+00	0.000000e+00	0.000000e+00
1.123324e-02	7.218662e-34	2.000000e-08	1.000000e-01	2.585680e-01	1.000000e+04	-4.927711e-09	1.000000e-20	3.162278e+03	1.250900e+02	0.000000e+00	0.000000e+00	0.000000e+00	1.077870e-337	2.022327e-01	3.761876e-01	0.000000e+00	0.000000e+00	0.000000e+00	1.131911e-34	1.363809e-01	1.143122e-05	8.284655e-117	1.317704e-01	1.116989e-01	4.851137e-34	1.504939e-01	1.959692e-06	1.081448e-34	1.555889e-01	2.756052e-06	1.470785e-155	1.141407e-01	9.924872e-01	1.347094e-35	1.588801e-01	4.309324e-04	1.945684e-36	1.608538e-01	2.042630e-04	0.000000e+00	0.000000e+00	0.000000e+00	0.000000e+00	0.000000e+00	0.000000e+00
1.519911e-02	1.412632e-32	2.000000e-08	1.000000e-01	2.585680e-01	1.000000e+04	-4.927711e-09	1.000000e-20	3.162278e+03	1.250900e+02	0.000000e+00	0.000000e+00	0.000000e+00	1.728332e-253	1.719671e+00	9.999662e-01	0.000000e+00	0.000000e+00	0.000000e+00	9.670985e-33	1.568798e-01	5.295115e-05	2.607110e-91	1.376642e-01	6.580938e-01	2.204822e-33	1.570873e-01	6.498119e-04	4.878750e-34	1.843957e-01	7.356498e-04	9.051926e-120	1.362576e-01	6.430653e-02	1.753886e-33	1.497981e-01	2.503999e-05	8.756623e-36	1.774997e-01	2.492532e-04	2.800546e-4594	0.000000e+00	0.000000e+00	0.000000e+00	0.000000e+00	0.000000e+00
2.056512e-02	3.634099e-31	2.000000e-08	1.000000e-01	2.585680e-01	1.000000e+04	-4.927711e-09	1.000000e-20	3.162278e+03	1.250900e+02	0.000000e+00	0.000000e+00	0.000000e+00	2.642302e-191	1.092003e-01	1.000000e+00	0.000000e+00	0.000000e+00	0.000000e+00	2.825159e-31	1.583623e-01	3.460036e-05	1.678590e-72	1.288101e-01	2.208870e-01	9.839251e-33	1.824107e-01	1.197056e-03	2.166922e-33	1.917606e-01	6.521117e-04	2.329441e-93	1.385359e-01	7.634058e-01	6.884896e-32	1.542479e-01	3.850419e-05	3.884640e-35	1.720195e-01	3.622416e-04	6.108508e-3396	0.000000e+00	0.000000e+00	5.878517e-3853	0.000000e+00	0.000000e+00
2.782559e-02	5.144356e-30	2.000000e-08	1.000000e-01	2.585680e-01	1.000000e+04	-4.927711e-09	1.000000e-20	3.162278e+03	1.250900e+02	2.524163e-3906	0.000000e+00	0.000000e+00	2.242698e-145	2.050571e-01	2.316157e-01	0.000000e+00	0.000000e+00	0.000000e+00	3.923713e-30	1.393500e-01	2.439130e-05	1.231236e-58	1.298409e-01	7.926175e-01	4.304272e-32	1.732601e-01	6.116068e-04	9.457811e-33	1.585754e-01	2.147729e-04	7.043480e-74	1.295662e-01	2.198170e-01	1.167972e-30	1.370211e-01	5.116547e-05	1.695463e-34	1.651182e-01	3.174064e-04	2.160803e-2510	0.000000e+00	0.000000e+00	2.473787e-2848	0.000000e+00	0.000000e+00
3.764936e-02	4.518287e-29	2.000000e-08	1.000000e-01	2.585680e-01	1.000000e+04	-4.927711e-09	1.000000e-20	3.162278e+03	1.250900e+02	8.874274e-2888	0.000000e+00	0.000000e+00	1.789141e-111	1.338234e-01	2.256826e-01	1.745161e-3999	0.000000e+00	0.000000e+00	3.358615e-29	1.346933e-01	3.680640e-03	2.027088e-48	1.463665e-01	1.504335e-03	1.868879e-31	1.566560e-01	4.295221e-04	4.100843e-32	1.779722e-01	2.981923e-04	1.627323e-59	1.305501e-01	6.276733e-01	1.136809e-29	1.409006e-01	5.002537e-06	7.349284e-34	1.776140e-01	2.602053e-04	5.615647e-1856	0.000000e+00	0.000000e+00	6.849731e-2106	0.000000e+00	0.000000e+00
5.094138e-02	2.942170e-28	2.000000e-08	1.000000e-01	2.585680e-01	1.000000e+04	-4.927711e-09	1.000000e-20	3.162278e+03	1.250900e+02	4.720265e-2135	0.000000e+00	0.000000e+00	1.885028e-86	1.314152e-01	6.171916e-01	2.805006e-2957	0.000000e+00	0.000000e+00	2.146624e-28	1.359049e-01	2.967720e-03	6.827631e-41	2.072530e-01	1.264413e-01	8.141467e-31	1.633748e-01	2.736713e-04	1.785368e-31	1.667370e-01	2.030123e-04	6.309733e-49	1.566719e-01	1.262257e-02	7.855873e-29	1.388422e-01	7.668710e-05	3.198757e-33	1.858385e-01	3.058987e-04	2.166809e-1372	0.000000e+00	0.000000e+00	3.035903e-1557	0.000000e+00	0.000000e+00
6.892612e-02	1.611467e-27	2.000000e-08	1.000000e-01	2.585680e-01	1.000000e+04	-4.927711e-09	1.000000e-20	3.162278e+03	1.250900e+02	8.417361e-1579	0.000000e+00	0.000000e+00	5.487102e-68	2.057514e-01	3.220475e-01	8.285039e-2187	0.000000e+00	0.000000e+00	1.162030e-27	1.588585e-01	2.571142e-03	2.407571e-35	1.607129e-01	3.324980e-01	3.571292e-30	1.624949e-01	1.480938e-04	7.827669e-31	1.750292e-01	2.853995e-04	4.014439e-41	2.056373e-01	2.077122e-01	4.450692e-28	1.980033e-01	6.394904e-03	1.402392e-32	1.901985e-01	1.968121e-04	4.675719e-1015	0.000000e+00	1.215743e-32	7.843021e-1152	0.000000e+00	0.000000e+00
9.326033e-02	7.956051e-27	2.000000e-08	1.000000e-01	2.585680e-01	1.000000e+04	-4.927711e-09	1.000000e-20	3.162278e+03	1.250900e+02	9.105247e-1168	0.000000e+00	0.000000e+00	2.260923e-54	1.399551e-01	7.713658e-01	2.031965e-1617	0.000000e+00	0.000000e+00	5.700473e-27	1.431511e-01	1.120752e-03	2.947389e-31	1.441670e-01	9.331234e-01	1.563002e-29	1.609301e-01	1.951945e-04	3.425455e-30	1.690236e-01	3.060441e-04	2.245581e-35	3.397150e-01	4.567609e-02	2.236167e-27	1.419875e-01	1.524874e-03	6.136246e-32	1.842186e-01	5.306585e-08	4.819750e-751	1.039397e-01	1.000000e+00	2.858463e-852	3.608206e-01	1.000000e+00
1.261857e-01	3.520842e-26	2.000000e-08	1.000000e-01	2.585680e-01	1.000000e+04	-4.927711e-09	1.000000e-20	3.162278e+03	1.250900e+02	4.428197e-864	7.755526e-01	1.000000e+00	2.302699e-44	1.909189e-01	1.215166e-02	1.159428e-1196	0.000000e+00	0.000000e+00	2.493027e-26	1.447461e-01	1.485747e-03	2.899157e-28	1.370544e-01	7.439436e-05	6.427873e-29	1.634337e-01	2.064807e-04	1.408562e-29	1.663600e-01	2.237430e-06	3.628678e-31	1.395179e-01	9.089166e-01	9.909260e-27	1.619524e-01	1.352306e-03	2.523229e-31	1.798352e-01	1.445535e-09	5.294750e-556	4.043466e-01	1.000000e+00	5.548901e-631	1.084096e-01	1.000000e+00
1.707353e-01	1.794965e-25	2.000000e-08	1.000000e-01	2.585680e-01	1.000000e+04	-4.927711e-09	1.000000e-20	3.162278e+03	1.250900e+02	9.183364e-640	1.076364e-01	1.000000e+00	4.874471e-37	1.427648e-01	7.325544e-02	8.740078e-886	1.118065e-01	1.000000e+00	9.658978e-26	1.609581e-01	7.557109e-04	4.352105e-26	1.578654e-01	2.908877e-05	2.409052e-28	1.633602e-01	2.385250e-04	5.278637e-29	1.828387e-01	1.423937e-04	4.169743e-28	1.388978e-01	4.668586e-05	3.867407e-26	1.601147e-01	9.386347e-04	9.456271e-31	1.789433e-01	1.871696e-05	5.576801e-412	4.183189e-01	1.000000e+00	1.538562e-467	3.647573e-01	1.000000e+00
2.310130e-01	2.336995e-24	2.000000e-08	1.000000e-01	2.585680e-01	1.000000e+04	-4.927711e-09	1.000000e-20	3.162278e+03	1.250900e+02	4.579388e-474	3.637315e-01	1.000000e+00	1.129987e-31	1.552148e-01	3.800313e-01	4.345323e-656	1.147831e-01	1.000000e+00	3.575162e-25	1.499067e-01	3.484108e-04	1.762048e-24	1.571051e-01	2.486112e-05	8.757146e-28	1.687532e-01	2.398684e-04	1.918726e-28	1.765125e-01	1.051885e-04	7.264451e-26	1.602823e-01	2.351542e-04	1.437154e-25	1.475028e-01	5.310392e-04	3.436922e-30	1.925800e-01	2.932953e-05	1.224832e-305	9.836019e-01	9.999960e-01	7.327260e-347	1.051269e-01	1.000000e+00
3.125716e-01	3.852649e-23	2.000000e-08	1.000000e-01	2.585680e-01	1.000000e+04	-4.927711e-09	1.000000e-20	3.162278e+03	1.250900e+02	1.161419e-351	1.004196e-01	1.000000e+00	1.087755e-27	1.677692e-01	1.551929e-02	2.462824e-486	1.150013e-01	1.000000e+00	1.472655e-24	1.663606e-01	6.425425e-04	3.270615e-23	1.364950e-01	5.458739e-05	3.572074e-27	1.698858e-01	1.572446e-04	7.826427e-28	1.756164e-01	1.045875e-04	3.749008e-24	1.579200e-01	1.467254e-05	5.932152e-25	1.524679e-01	4.442396e-04	1.401862e-29	1.842386e-01	8.090857e-09	4.310229e-227	8.146549e-01	9.706582e-01	1.059885e-257	4.973202e-01	9.582056e-01
4.229243e-01	4.395421e-22	2.000000e-08	1.000000e-01	2.585680e-01	1.000000e+04	-4.927711e-09	1.000000e-20	3.162278e+03	1.250900e+02	3.067458e-261	3.853858e-01	9.752667e-01	9.872971e-25	1.381999e-01	6.586029e-05	6.718701e-361	1.195623e-01	1.000000e+00	6.361143e-24	1.546421e-01	2.588026e-06	3.496226e-22	1.378768e-01	2.669909e-05	1.534197e-26	2.133900e-01	2.644234e-04	3.361668e-27	1.805276e-01	6.118181e-05	7.998713e-23	1.534127e-01	1.908831e-05	2.565077e-24	1.541893e-01	2.721467e-06	6.021686e-29	1.829318e-01	9.274274e-10	4.218934e-169	1.036009e-01	6.986627e-01	7.202193e-192	3.037013e-01	8.941123e-01
5.722368e-01	3.725010e-21	2.000000e-08	1.000000e-01	2.585680e-01	1.000000e+04	-4.927711e-09	1.000000e-20	3.162278e+03	1.250900e+02	1.754269e-194	9.163214e-01	9.163812e-01	1.589443e-22	1.595699e-01	4.116111e-05	3.246748e-268	4.311097e-01	6.885505e-02	2.804246e-23	1.563623e-01	1.090443e-06	2.599436e-21	1.402404e-01	2.056091e-03	6.743895e-26	1.783436e-01	1.734087e-04	1.477530e-26	1.837006e-01	2.101560e-09	9.271924e-22	1.371890e-01	3.019027e-05	1.131209e-23	1.725059e-01	7.751701e-04	2.646643e-28	1.943392e-01	2.948424e-05	2.660475e-126	4.871639e-01	3.455428e-01	2.797675e-143	3.650547e-01	1.134137e-01
7.742637e-01	3.003877e-20	2.000000e-08	1.000000e-01	2.585680e-01	1.000000e+04	-4.927711e-09	1.000000e-20	3.162278e+03	1.250900e+02	3.241598e-145	3.382971e-01	1.628121e-01	7.330503e-21	1.579293e-01	1.275611e-05	9.319087e-200	1.017771e+00	5.986675e-02	1.238700e-22	1.672879e-01	5.496057e-04	1.536233e-20	1.582355e-01	3.758316e-03	2.975210e-25	1.773271e-01	1.456201e-05	6.518156e-26	1.897943e-01	2.799478e-05	7.171704e-21	1.395911e-01	3.163144e-03	5.000219e-23	1.563500e-01	4.003609e-04	1.167590e-27	1.868660e-01	3.169732e-05	9.591889e-95	1.222949e-01	7.848475e-02	1.935408e-107	2.235907e-01	3.418654e-01
1.047616e+00	2.668207e-19	2.000000e-08	1.000000e-01	2.585680e-01	1.000000e+04	-4.927711e-09	1.000000e-20	3.162278e+03	1.250900e+02	7.135900e-109	4.870409e-01	8.272634e-02	1.421490e-19	1.525043e-01	6.486678e-04	3.402402e-149	1.321073e+00	2.097872e-01	5.519402e-22	1.738153e-01	2.483975e-04	8.020913e-20	1.471699e-01	2.658758e-03	1.324389e-24	1.932999e-01	7.001343e-08	2.901915e-25	1.794035e-01	1.754502e-05	4.368617e-20	1.431639e-01	2.960562e-03	2.228222e-22	1.751113e-01	3.698257e-04	5.198332e-27	1.820741e-01	3.092881e-05	1.720977e-71	1.267314e-01	8.903054e-01	5.081121e-81	1.295201e-01	9.491274e-01
1.417474e+00	2.180658e-18	2.000000e-08	1.000000e-01	2.585680e-01	1.000000e+04	-4.927711e-09	1.000000e-20	3.162278e+03	1.250900e+02	4.419101e-82	1.554620e-01	9.051106e-01	1.549546e-18	1.365206e-01	2.552543e-03	7.302069e-112	1.288759e-01	6.510217e-02	2.488875e-21	1.733765e-01	2.574939e-04	3.939849e-19	1.450413e-01	1.490254e-03	5.969463e-24	1.781414e-01	1.303285e-05	1.307868e-24	1.808767e-01	3.712620e-05	2.336261e-19	1.603827e-01	1.931405e-03	1.004847e-21	1.725663e-01	2.076495e-04	2.342812e-26	1.939253e-01	2.508495e-05	2.255027e-54	2.085719e-01	7.981884e-01	1.459950e-61	1.249498e-01	4.939609e-01
1.917910e+00	1.476599e-17	2.000000e-08	1.000000e-01	2.585680e-01	1.000000e+04	-4.927711e-09	1.000000e-20	3.162278e+03	1.250900e+02	2.378893e-62	1.356271e-01	6.546457e-01	1.170781e-17	1.372192e-01	7.547264e-04	2.640899e-84	1.455353e-01	6.578602e-01	1.132185e-20	1.609002e-01	1.560031e-04	1.876869e-18	1.657756e-01	9.222791e-04	2.714896e-23	1.811543e-01	3.499206e-05	5.946874e-24	2.032422e-01	1.268460e-04	1.165376e-18	1.623090e-01	1.569360e-03	4.571284e-21	1.662588e-01	1.518503e-04	1.065413e-25	1.820125e-01	1.957262e-05	8.569341e-42	1.499505e-01	3.298288e-01	2.993975e-47	1.308612e-01	3.630983e-01
2.595024e+00	8.665423e-17	2.000000e-08	1.000000e-01	2.585680e-01	1.000000e+04	-4.927711e-09	1.000000e-20	3.162278e+03	1.250900e+02	7.763815e-48	1.193859e-01	1.209170e-01	7.197465e-17	1.575923e-01	2.358159e-03	5.697355e-64	2.944513e-01	9.999999e-01	5.250255e-20	1.758105e-01	2.955640e-07	8.924312e-18	1.627788e-01	1.556617e-03	1.258746e-22	1.811015e-01	1.981413e-05	2.757964e-23	1.798283e-01	2.427204e-06	5.681407e-18	1.466251e-01	5.169449e-06	2.120500e-20	1.622422e-01	3.860058e-07	4.940372e-25	1.841751e-01	3.890774e-05	1.448139e-32	4.987817e-01	2.586256e-02	9.682663e-37	1.486773e-01	6.514570e-01
3.511192e+00	4.761401e-16	2.000000e-08	1.000000e-01	2.585680e-01	1.000000e+04	-4.927711e-09	1.000000e-20	3.162278e+03	1.250900e+02	3.542363e-37	1.305161e-01	5.909657e-01	4.041174e-16	2.813522e-01	5.025278e-04	5.641568e-49	1.954402e-01	6.681797e-01	2.528841e-19	1.681549e-01	2.533701e-05	4.356432e-17	1.542649e-01	1.688394e-06	6.072565e-22	2.755736e-01	7.639152e-07	1.327727e-22	1.834605e-01	1.572690e-07	2.810264e-17	1.485420e-01	2.943499e-06	1.021357e-19	2.306959e-01	1.101552e-04	2.378211e-24	1.805580e-01	2.320887e-09	8.161986e-26	1.339687e-01	7.619836e-03	4.867722e-29	1.407559e-01	2.341637e-02
4.750810e+00	3.460801e-14	2.000000e-08	1.000000e-01	2.585680e-01	1.000000e+04	-4.927711e-09	1.000000e-20	3.162278e+03	1.250900e+02	2.283955e-29	1.581933e-01	2.958385e-02	2.996482e-14	2.410169e-01	1.000000e+00	6.342465e-38	1.492741e-01	3.415195e-03	1.587523e-17	1.012688e+00	1.000000e+00	2.799861e-15	2.889519e-01	1.000000e+00	3.839898e-20	3.459470e-01	1.000000e+00	8.349065e-21	9.815159e-01	1.000000e+00	1.820932e-15	1.105561e+00	1.000000e+00	6.469394e-18	3.325800e-01	1.000000e+00	1.496896e-22	1.004524e+00	1.000000e+00	6.808540e-21	1.942511e-01	3.816925e-01	2.059259e-23	1.601746e-01	7.730834e-01
6.428073e+00	1.065905e-11	2.000000e-08	1.000000e-01	2.585680e-01	1.000000e+04	-4.927711e-09	1.000000e-20	3.162278e+03	1.250900e+02	1.153478e-23	1.328051e-01	1.198956e-01	9.235484e-12	8.772413e-01	1.000000e+00	8.672214e-30	4.698774e-01	3.776248e-01	4.894505e-15	1.017982e+00	1.000000e+00	8.557771e-13	1.000042e+00	1.000000e+00	1.183317e-17	2.908910e-01	1.000000e+00	2.591740e-18	3.449371e-01	1.000000e+00	5.608786e-13	8.956586e-01	1.000000e+00	1.975328e-15	9.930999e-01	1.000000e+00	4.645833e-20	4.100383e-01	1.000000e+00	2.532866e-17	1.651548e-01	1.047543e-01	2.560500e-19	2.018313e-01	1.059535e-02
8.697490e+00	5.981172e-10	2.000000e-08	1.000000e-01	2.585680e-01	1.000000e+04	-4.927711e-09	1.000000e-20	3.162278e+03	1.250900e+02	1.616329e-19	1.530611e-01	5.038773e-02	5.189688e-10	3.195747e-01	1.000000e+00	8.301625e-24	1.436938e-01	7.451034e-02	2.740871e-13	1.207045e+00	1.000000e+00	4.748842e-11	4.427966e-01	1.000000e+00	6.562836e-16	1.566267e+00	1.000000e+00	1.439225e-16	1.513122e+00	1.000000e+00	3.126467e-11	8.242911e-01	1.000000e+00	1.105952e-13	1.112209e+00	1.000000e+00	2.579654e-18	1.359377e+00	1.000000e+00	9.514739e-15	1.336087e-01	9.219397e-05	2.366745e-16	1.376856e-01	8.904910e-01
1.176812e+01	8.894823e-09	2.000000e-08	1.000000e-01	2.585680e-01	1.000000e+04	-4.927711e-09	1.000000e-20	3.162278e+03	1.250900e+02	1.599386e-16	1.617061e-01	1.724179e-04	7.718581e-09	3.147170e-01	1.000000e+00	2.036438e-19	1.673376e-01	2.120629e-01	4.093537e-12	6.173207e-01	1.000000e+00	7.088163e-10	4.850887e-01	1.000000e+00	9.776469e-15	9.279611e-01	1.000000e+00	2.153209e-15	7.187686e-01	1.000000e+00	4.609660e-10	5.099244e-01	1.000000e+00	1.657894e-12	6.764751e-01	1.000000e+00	3.825584e-17	6.442485e-01	4.686442e-01	6.635067e-13	1.323790e-01	3.993614e-04	3.235948e-14	1.336534e-01	3.167169e-05
1.592283e+01	4.915552e-08	2.000000e-08	1.000000e-01	2.585680e-01	1.000000e+04	-4.927711e-09	1.000000e-20	3.162278e+03	1.250900e+02	2.224185e-14	1.525325e-01	6.384590e-05	4.256685e-08	5.024170e-01	1.000000e+00	3.327923e-16	1.344679e-01	2.378429e-05	2.280447e-11	7.164086e-01	1.000000e+00	3.926622e-09	4.658865e-01	1.000000e+00	5.452322e-14	1.275585e+00	1.000000e+00	1.199380e-14	8.859256e-01	1.000000e+00	2.615325e-09	2.367626e-01	1.000000e+00	9.178325e-12	1.173908e+00	1.000000e+00	2.143607e-16	8.376531e-01	1.000000e+00	1.356287e-11	1.465442e-01	9.307345e-05	1.095439e-12	1.508467e-01	1.395031e-04
2.154435e+01	1.337659e-07	2.000000e-08	1.000000e-01	2.585680e-01	1.000000e+04	-4.927711e-09	1.000000e-20	3.162278e+03	1.250900e+02	7.242426e-13	1.485857e-01	1.209194e-03	1.159345e-07	2.809561e-01	1.000000e+00	7.353430e-14	1.608710e-01	7.599568e-05	6.119241e-11	1.194213e+00	1.000000e+00	1.062545e-08	4.058735e-01	1.000000e+00	1.477505e-13	6.708550e-01	1.000000e+00	3.218897e-14	1.211489e+00	1.000000e+00	6.989812e-09	6.831058e-01	1.000000e+00	2.474692e-11	1.199095e+00	1.000000e+00	5.767050e-16	1.238600e+00	1.000000e+00	1.156756e-10	1.465386e-01	9.908968e-05	1.361330e-11	1.481567e-01	1.043231e-04
2.915053e+01	2.095378e-07	2.000000e-08	1.000000e-01	2.585680e-01	1.000000e+04	-4.927711e-09	1.000000e-20	3.162278e+03	1.250900e+02	8.091625e-12	1.505937e-01	9.339476e-05	1.807759e-07	4.125910e-01	1.000000e+00	3.734257e-12	1.592291e-01	2.469746e-05	9.663203e-11	1.184247e+00	1.000000e+00	1.685105e-08	9.067898e-01	1.000000e+00	2.327881e-13	9.307672e-01	1.000000e+00	5.106870e-14	4.950935e-01	1.000000e+00	1.113107e-08	2.477003e-01	1.000000e+00	3.896495e-11	1.246112e+00	1.000000e+00	9.093552e-16	1.204151e+00	5.590352e-01	5.472138e-10	1.454932e-01	1.147945e-04	8.485535e-11	1.461567e-01	1.609442e-04
3.944206e+01	2.280579e-07	2.000000e-08	1.000000e-01	2.585680e-01	1.000000e+04	-4.927711e-09	1.000000e-20	3.162278e+03	1.250900e+02	4.131404e-11	1.372291e-01	4.362528e-05	1.957268e-07	2.958827e-01	1.000000e+00	6.479901e-11	1.575426e-01	4.251461e-05	1.037792e-10	8.201444e-01	1.964291e-01	1.816544e-08	5.478630e-01	1.000000e+00	2.491890e-13	5.534508e-01	9.998721e-01	5.444548e-14	8.328430e-01	1.000000e+00	1.175907e-08	4.073745e-01	1.000000e+00	4.176778e-11	1.168084e+00	1.000000e+00	9.786343e-16	8.115685e-01	1.000000e+00	1.813522e-09	1.285564e-01	6.520897e-03	3.410673e-10	1.264470e-01	8.081205e-03
5.336699e+01	1.892516e-07	2.000000e-08	1.000000e-01	2.585680e-01	1.000000e+04	-4.927711e-09	1.000000e-20	3.162278e+03	1.250900e+02	1.192704e-10	1.497112e-01	6.188773e-05	1.580978e-07	2.415787e-01	1.000000e+00	5.164750e-10	1.449927e-01	7.277035e-06	8.409508e-11	8.184637e-01	1.000000e+00	1.467817e-08	2.614986e-01	1.000000e+00	2.009820e-13	8.029254e-01	1.000000e+00	4.411084e-14	5.410260e-01	1.000000e+00	9.607745e-09	9.840189e-01	1.000000e+00	3.382864e-11	8.026570e-01	9.998457e-01	7.847349e-16	1.085760e+00	1.000000e+00	5.040796e-09	1.636015e-01	1.029648e-02	1.073183e-09	1.306814e-01	5.059969e-03
7.220809e+01	1.388107e-07	2.000000e-08	1.000000e-01	2.585680e-01	1.000000e+04	-4.927711e-09	1.000000e-20	3.162278e+03	1.250900e+02	2.278861e-10	1.256640e-01	6.031347e-05	1.039934e-07	2.587071e-01	1.000000e+00	2.358077e-09	1.537287e-01	3.083537e-05	5.534776e-11	8.710932e-01	1.000000e+00	9.619146e-09	4.974472e-01	9.559516e-02	1.323249e-13	8.313196e-01	1.000000e+00	2.914299e-14	1.115704e+00	1.000000e+00	6.329017e-09	2.247012e-01	9.997433e-01	2.236424e-11	7.915749e-01	1.000000e+00	5.215124e-16	1.217696e+00	1.000000e+00	1.318328e-08	1.275111e-01	8.179908e-05	3.021950e-09	1.255204e-01	9.522032e-05
9.770100e+01	1.187861e-07	2.000000e-08	1.000000e-01	2.585680e-01	1.000000e+04	-4.927711e-09	1.000000e-20	3.162278e+03	1.250900e+02	3.239052e-10	1.294601e-01	9.187796e-05	5.918883e-08	2.964723e-01	1.000000e+00	7.291067e-09	1.353043e-01	1.456660e-03	3.146045e-11	6.665598e-01	1.000000e+00	5.495780e-09	2.667045e-01	1.000000e+00	7.522657e-14	8.164670e-01	1.000000e+00	1.648013e-14	7.607619e-01	1.000000e+00	3.601023e-09	4.721674e-01	1.000000e+00	1.267800e-11	4.003416e-01	1.000000e+00	2.954759e-16	8.224233e-01	1.000000e+00	3.458546e-08	1.189575e-01	3.549727e-05	8.255777e-09	1.253394e-01	9.587230e-07
1.321941e+02	2.114383e-07	2.000000e-08	1.000000e-01	2.585680e-01	1.000000e+04	-4.927711e-09	1.000000e-20	3.162278e+03	1.250900e+02	3.745469e-10	1.253720e-01	6.730559e-05	3.025420e-08	2.897347e-01	1.000000e+00	1.920603e-08	7.213117e+00	9.995960e-01	1.606411e-11	7.795056e-01	1.000000e+00	2.813042e-09	2.334195e-01	1.841312e-01	3.858358e-14	9.860413e-01	1.000000e+00	8.461355e-15	8.315771e-01	1.000000e+00	1.841553e-09	2.722877e-01	1.000000e+00	6.491513e-12	7.091182e-01	1.000000e+00	1.515552e-16	8.722620e-01	1.000000e+00	1.260173e-07	1.991399e-01	4.464601e-01	3.090902e-08	2.024819e-01	6.496096e-01
1.788650e+02	7.441576e-06	2.000000e-08	1.000000e-01	2.585680e-01	1.000000e+04	-4.927711e-09	1.000000e-20	3.162278e+03	1.250900e+02	4.060340e-10	1.099384e+00	7.928023e-01	1.437342e-08	5.247356e-01	1.000000e+00	1.347374e-07	2.211589e-01	9.990686e-01	7.644563e-12	5.740290e-01	1.000000e+00	1.338736e-09	7.202864e-01	1.000000e+00	1.830101e-14	9.266228e-01	1.000000e+00	4.020204e-15	8.697153e-01	1.000000e+00	8.741221e-10	2.451118e-01	1.000000e+00	3.087093e-12	8.143166e-01	1.000000e+00	7.190072e-17	7.770389e-01	1.000000e+00	5.833865e-06	2.060124e-01	2.074953e-02	1.455970e-06	1.882778e-01	9.999962e-01
2.420128e+02	2.481067e-04	2.000000e-08	1.000000e-01	2.585680e-01	1.000000e+04	-4.927711e-09	1.000000e-20	3.162278e+03	1.250900e+02	1.430641e-09	1.831030e-01	1.000000e+00	8.580752e-09	7.972851e-01	9.999918e-01	3.530507e-06	2.112527e-01	6.358931e-02	4.555495e-12	1.301644e+00	9.999980e-01	7.925146e-10	6.747161e-01	1.000000e+00	1.088886e-14	8.811417e-01	1.000000e+00	2.379019e-15	9.166061e-01	1.000000e+00	5.194145e-10	6.043833e-01	1.000000e+00	1.832045e-12	6.779053e-01	9.847467e-01	4.266698e-17	3.346197e-01	1.000000e+00	1.957141e-04	1.904564e-01	3.008178e-01	4.885074e-05	2.033282e-01	9.997283e-01
3.274549e+02	2.616090e-03	2.000000e-08	1.000000e-01	2.585680e-01	1.000000e+04	-4.927711e-09	1.000000e-20	3.162278e+03	1.250900e+02	1.170498e-08	1.822028e-01	6.171934e-03	2.458254e-08	3.804024e-01	9.934405e-01	3.672783e-05	1.923649e-01	9.889307e-01	1.282735e-11	3.502806e-01	8.154679e-01	2.260248e-09	1.007550e+00	1.000000e+00	3.088810e-14	1.136732e+00	9.996672e-01	6.730453e-15	4.942334e-01	9.998933e-01	1.479581e-09	8.983872e-01	1.000000e+00	4.639689e-12	2.201090e-01	2.748715e-04	1.083535e-16	2.765979e-01	1.000000e+00	2.063923e-03	1.946440e-01	3.320003e-04	5.153992e-04	3.058732e-01	5.194431e-01
4.430621e+02	1.140720e-02	2.000000e-08	1.000000e-01	2.585680e-01	1.000000e+04	-4.927711e-09	1.000000e-20	3.162278e+03	1.250900e+02	4.988655e-08	2.040230e-01	2.079374e-03	9.481702e-08	2.124969e-01	8.325792e-03	1.598658e-04	2.316562e-01	1.000000e+00	5.001073e-11	2.054940e-01	1.000000e+00	8.752191e-09	2.206521e-01	1.000000e+00	1.198554e-13	2.196474e-01	1.000000e+00	2.626127e-14	2.033756e-01	9.994035e-01	5.730946e-09	2.231004e-01	1.074267e-06	2.019448e-11	2.320371e-01	1.000000e+00	4.704252e-16	2.166290e-01	1.000000e+00	8.999746e-03	2.202845e-01	9.031967e-03	2.247433e-03	2.001671e-01	1.068810e-02
5.994843e+02	2.589627e-02	2.000000e-08	1.000000e-01	2.585680e-01	1.000000e+04	-4.927711e-09	1.000000e-20	3.162278e+03	1.250900e+02	1.128613e-07	1.873706e-01	1.000000e+00	2.150911e-07	2.073406e-01	8.041428e-03	3.626401e-04	2.200483e-01	1.000000e+00	1.134385e-10	2.072126e-01	1.000000e+00	1.985247e-08	2.179770e-01	9.893509e-01	2.720173e-13	2.177050e-01	1.282156e-01	5.958086e-14	2.082661e-01	1.000000e+00	1.300169e-08	2.075307e-01	1.000000e+00	4.580484e-11	2.351883e-01	1.000000e+00	1.067268e-15	2.128254e-01	1.000000e+00	2.043207e-02	2.339085e-01	1.000000e+00	5.101203e-03	2.127904e-01	4.062133e-05
8.111308e+02	3.633426e-02	2.000000e-08	1.000000e-01	2.585680e-01	1.000000e+04	-4.927711e-09	1.000000e-20	3.162278e+03	1.250900e+02	1.581969e-07	2.003412e-01	1.000000e+00	3.020234e-07	5.570703e-01	1.000000e+00	5.088340e-04	2.273616e-01	9.954118e-01	1.591453e-10	2.479565e-01	8.583404e-03	2.785433e-08	2.070401e-01	9.999999e-01	3.814795e-13	2.154612e-01	9.959807e-01	8.358510e-14	2.465055e-01	1.000000e+00	1.823891e-08	2.099209e-01	9.997496e-01	6.426293e-11	2.170903e-01	2.874186e-04	1.497320e-15	2.035265e-01	1.000000e+00	2.866630e-02	2.483070e-01	1.000000e+00	7.158626e-03	2.369049e-01	1.000000e+00
1.097499e+03	3.581581e-02	2.000000e-08	1.000000e-01	2.585680e-01	1.000000e+04	-4.927711e-09	1.000000e-20	3.162278e+03	1.250900e+02	1.558262e-07	2.178134e-01	1.555860e-03	2.973423e-07	2.143146e-01	1.000000e+00	5.013752e-04	2.073865e-01	1.000000e+00	1.567986e-10	2.602101e-01	7.587930e-04	2.745006e-08	2.102308e-01	1.672648e-01	3.758284e-13	2.750014e-01	1.028496e-01	8.237479e-14	2.363967e-01	1.000000e+00	1.797210e-08	2.176945e-01	1.000000e+00	6.332765e-11	2.067259e-01	1.029004e-03	1.475258e-15	2.696772e-01	9.985113e-04	2.825854e-02	2.272772e-01	6.267210e-02	7.055397e-03	2.568429e-01	2.476881e-03
1.484968e+03	2.727222e-02	2.000000e-08	1.000000e-01	2.585680e-01	1.000000e+04	-4.927711e-09	1.000000e-20	3.162278e+03	1.250900e+02	1.185649e-07	2.009590e-01	1.642995e-02	2.262707e-07	2.300656e-01	7.667901e-01	3.816605e-04	2.072856e-01	1.362207e-01	1.193591e-10	2.313401e-01	1.000000e+00	2.088714e-08	2.433359e-01	1.837598e-02	2.860434e-13	2.715897e-01	1.000000e+00	6.267466e-14	2.371855e-01	1.000000e+00	1.366849e-08	2.615829e-01	1.000000e+00	4.819475e-11	2.527582e-01	1.000000e+00	1.122806e-15	2.482199e-01	9.959040e-01	2.151956e-02	3.211719e-01	8.932150e-04	5.370624e-03	2.596710e-01	9.999099e-01
2.009233e+03	1.719424e-02	2.000000e-08	1.000000e-01	2.585680e-01	1.000000e+04	-4.927711e-09	1.000000e-20	3.162278e+03	1.250900e+02	7.475529e-08	2.170135e-01	7.590817e-03	1.427025e-07	2.105335e-01	9.999677e-01	2.406069e-04	2.099919e-01	9.053789e-01	7.525299e-11	2.319893e-01	1.000000e+00	1.316993e-08	2.599555e-01	1.000000e+00	1.803637e-13	2.462128e-01	1.000000e+00	3.952198e-14	2.542816e-01	1.000000e+00	8.623214e-09	2.881802e-01	2.545417e-04	3.039199e-11	2.850917e-01	1.000000e+00	7.080029e-16	2.498437e-01	1.390851e-03	1.356552e-02	2.119616e-01	1.000000e+00	3.387882e-03	2.243504e-01	1.053366e-04
2.718588e+03	9.467058e-03	2.000000e-08	1.000000e-01	2.585680e-01	1.000000e+04	-4.927711e-09	1.000000e-20	3.162278e+03	1.250900e+02	4.113679e-08	2.380553e-01	3.959472e-02	7.858920e-08	3.397664e-01	8.025202e-01	1.324214e-04	2.393317e-01	9.999994e-01	4.142282e-11	2.514718e-01	1.000000e+00	7.249646e-09	2.681975e-01	1.000000e+00	9.929058e-14	2.670952e-01	1.000000e+00	2.175013e-14	2.602529e-01	1.000000e+00	4.747248e-09	2.601141e-01	1.870330e-02	1.672591e-11	2.296483e-01	1.000000e+00	3.896622e-16	2.466713e-01	1.000000e+00	7.469479e-03	2.371123e-01	1.000000e+00	1.865025e-03	2.204501e-01	3.148493e-04
3.678380e+03	4.730057e-03	2.000000e-08	1.000000e-01	2.585680e-01	1.000000e+04	-4.927711e-09	1.000000e-20	3.162278e+03	1.250900e+02	2.054557e-08	2.639762e-01	1.463347e-01	3.921762e-08	2.386602e-01	1.000000e+00	6.613997e-05	2.096332e-01	1.000000e+00	2.068931e-11	2.256190e-01	1.000000e+00	3.620968e-09	2.343978e-01	9.995824e-01	4.957861e-14	2.609335e-01	1.977386e-01	1.086009e-14	2.382974e-01	1.000000e+00	2.370473e-09	2.447094e-01	1.000000e+00	8.352623e-12	2.860770e-01	1.000000e+00	1.945810e-16	2.925803e-01	2.332258e-01	3.731994e-03	2.113494e-01	1.000000e+00	9.318571e-04	2.164839e-01	1.000000e+00
4.977024e+03	2.207039e-03	2.000000e-08	1.000000e-01	2.585680e-01	1.000000e+04	-4.927711e-09	1.000000e-20	3.162278e+03	1.250900e+02	9.576878e-09	2.124536e-01	5.364958e-01	1.828627e-08	2.318086e-01	1.409775e-03	3.083459e-05	2.527034e-01	1.000000e+00	9.643033e-12	2.583777e-01	1.000000e+00	1.688001e-09	2.837505e-01	1.000000e+00	2.311742e-14	2.697688e-01	1.000000e+00	5.064148e-15	2.390198e-01	1.000000e+00	1.105247e-09	2.455487e-01	1.000000e+00	3.894920e-12	2.521335e-01	1.000000e+00	9.072438e-17	2.801048e-01	9.999973e-01	1.741311e-03	2.019674e-01	6.023165e-01	4.348630e-04	2.111050e-01	9.851125e-01
6.734151e+03	9.822743e-04	2.000000e-08	1.000000e-01	2.585680e-01	1.000000e+04	-4.927711e-09	1.000000e-20	3.162278e+03	1.250900e+02	4.255391e-09	2.309876e-01	3.037632e-03	8.126412e-09	2.238555e-01	9.938730e-01	1.370282e-05	2.597439e-01	7.743352e-01	4.286327e-12	2.389335e-01	1.000000e+00	7.500875e-10	2.251263e-01	1.000000e+00	1.026956e-14	2.327366e-01	1.000000e+00	2.250915e-15	2.733754e-01	1.000000e+00	4.912084e-10	2.246776e-01	1.000000e+00	1.730398e-12	2.597048e-01	1.000000e+00	4.031925e-17	2.499072e-01	1.000000e+00	7.750144e-04	2.113113e-01	7.455727e-07	1.935435e-04	2.098888e-01	1.000000e+00
9.111628e+03	4.233032e-04	2.000000e-08	1.000000e-01	2.585680e-01	1.000000e+04	-4.927711e-09	1.000000e-20	3.162278e+03	1.250900e+02	1.829570e-09	2.073280e-01	1.271824e-03	3.494201e-09	2.498719e-01	1.196880e-01	5.891777e-06	2.454487e-01	1.000000e+00	1.842853e-12	2.302489e-01	1.000000e+00	3.225767e-10	2.464391e-01	8.728259e-04	4.417029e-15	2.428121e-01	1.636331e-01	9.678018e-16	2.329930e-01	2.681152e-05	2.112184e-10	2.332264e-01	3.605136e-01	7.440618e-13	2.717531e-01	1.000000e+00	1.733858e-17	2.377484e-01	9.999419e-01	3.340071e-04	2.224647e-01	1.000000e+00	8.339843e-05	2.170631e-01	1.288384e-02
1.232847e+04	1.787796e-04	2.000000e-08	1.000000e-01	2.585680e-01	1.000000e+04	-4.927711e-09	1.000000e-20	3.162278e+03	1.250900e+02	7.692249e-10	2.160113e-01	3.083172e-05	1.469344e-09	2.358526e-01	9.999999e-01	2.477608e-06	2.169027e-01	5.939311e-01	7.747174e-13	2.280110e-01	1.000000e+00	1.356341e-10	2.336061e-01	9.611647e-01	1.856177e-15	3.101063e-01	1.000000e+00	4.069152e-16	2.725794e-01	9.134974e-01	8.880329e-11	2.276517e-01	2.988271e-02	3.129520e-13	2.603336e-01	1.000000e+00	7.286300e-18	2.321908e-01	3.373261e-04	1.410721e-04	2.183334e-01	1.000000e+00	3.522747e-05	2.150441e-01	1.000000e+00
1.668101e+04	7.470988e-05	2.000000e-08	1.000000e-01	2.585680e-01	1.000000e+04	-4.927711e-09	1.000000e-20	3.162278e+03	1.250900e+02	3.187163e-10	2.154643e-01	1.000000e+00	6.087758e-10	2.643386e-01	6.824119e-05	1.026714e-06	2.325581e-01	1.000000e+00	3.211343e-13	2.476081e-01	6.482110e-03	5.620104e-11	2.420993e-01	7.424214e-05	7.695333e-16	2.670370e-01	9.958109e-01	1.685453e-16	2.807773e-01	1.365585e-04	3.680289e-11	2.577244e-01	1.000000e+00	1.296785e-13	2.249777e-01	3.494668e-05	3.019969e-18	2.812387e-01	1.000000e+00	5.896117e-05	2.289556e-01	1.000000e+00	1.472098e-05	2.351989e-01	1.000000e+00
2.257020e+04	3.109143e-05	2.000000e-08	1.000000e-01	2.585680e-01	1.000000e+04	-4.927711e-09	1.000000e-20	3.162278e+03	1.250900e+02	1.307813e-10	2.237291e-01	1.000000e+00	2.498592e-10	2.476491e-01	5.407067e-03	4.213577e-07	2.380054e-01	1.000000e+00	1.317777e-13	2.471300e-01	1.000000e+00	2.306487e-11	2.393885e-01	1.000000e+00	3.158003e-16	2.313942e-01	7.630349e-01	6.919257e-17	2.761087e-01	1.000000e+00	1.510135e-11	2.324689e-01	8.937928e-04	5.319465e-14	2.296113e-01	1.000000e+00	1.239358e-18	2.446813e-01	1.000000e+00	2.454110e-05	2.295405e-01	9.969286e-01	6.128552e-06	2.291850e-01	4.996702e-01
3.053856e+04	1.300768e-05	2.000000e-08	1.000000e-01	2.585680e-01	1.000000e+04	-4.927711e-09	1.000000e-20	3.162278e+03	1.250900e+02	5.334523e-11	2.136811e-01	1.000000e+00	1.019060e-10	2.576117e-01	1.000000e+00	1.718351e-07	2.540572e-01	2.334456e-01	5.375206e-14	2.469081e-01	1.000000e+00	9.405752e-12	2.585582e-01	1.475966e-04	1.288059e-16	2.539625e-01	2.477638e-01	2.822497e-17	2.169825e-01	4.593372e-05	6.159820e-12	2.377323e-01	7.474228e-05	2.170461e-14	2.494588e-01	1.000000e+00	5.056317e-19	2.270374e-01	1.000000e+00	1.027098e-05	2.260711e-01	2.420653e-07	2.564693e-06	2.240039e-01	9.998276e-01
4.132012e+04	5.526552e-06	2.000000e-08	1.000000e-01	2.585680e-01	1.000000e+04	-4.927711e-09	1.000000e-20	3.162278e+03	1.250900e+02	2.166724e-11	2.164288e-01	1.000000e+00	4.139558e-11	2.552066e-01	9.971768e-01	6.981473e-08	2.576237e-01	9.219001e-01	2.183273e-14	2.353228e-01	1.000000e+00	3.820568e-12	2.588744e-01	7.259715e-01	5.233950e-17	2.502554e-01	1.000000e+00	1.146642e-17	2.642803e-01	1.514898e-05	2.502481e-12	2.494667e-01	1.206503e-01	8.817618e-15	2.516304e-01	2.298656e-01	2.053605e-19	2.962421e-01	1.000000e+00	4.366277e-06	2.297916e-01	1.000000e+00	1.090391e-06	2.262736e-01	6.373063e-07
5.590810e+04	2.419178e-06	2.000000e-08	1.000000e-01	2.585680e-01	1.000000e+04	-4.927711e-09	1.000000e-20	3.162278e+03	1.250900e+02	8.780456e-12	2.351522e-01	5.994469e-03	1.677987e-11	2.348806e-01	7.157826e-01	2.829545e-08	2.557287e-01	1.693065e-04	8.847447e-15	2.643831e-01	9.999996e-01	1.548586e-12	2.394775e-01	1.000000e+00	2.120913e-17	2.434538e-01	1.000000e+00	4.644979e-18	2.722618e-01	2.379839e-05	1.014140e-12	2.073491e-01	1.000000e+00	3.572632e-15	2.192965e-01	1.000000e+00	8.324134e-20	2.074081e-01	1.000000e+00	1.913045e-06	2.334250e-01	1.000000e+00	4.778091e-07	2.328883e-01	4.455282e-07
7.564633e+04	1.111524e-06	2.000000e-08	1.000000e-01	2.585680e-01	1.000000e+04	-4.927711e-09	1.000000e-20	3.162278e+03	1.250900e+02	3.552855e-12	2.599061e-01	1.000000e+00	6.788542e-12	2.275843e-01	1.000000e+00	1.144938e-08	2.432962e-01	1.297480e-03	3.581242e-15	2.551277e-01	9.657808e-02	6.267519e-13	2.217359e-01	2.266819e-03	8.582706e-18	2.110531e-01	1.000000e+00	1.880366e-18	2.195551e-01	1.000000e+00	4.104390e-13	2.105813e-01	1.000000e+00	1.445736e-15	2.546926e-01	6.713414e-02	3.368135e-20	2.190562e-01	1.000000e+00	8.801890e-07	2.468249e-01	1.000000e+00	2.198742e-07	2.281652e-01	1.712517e-07
1.023531e+05	5.475730e-07	2.000000e-08	1.000000e-01	2.585680e-01	1.000000e+04	-4.927711e-09	1.000000e-20	3.162278e+03	1.250900e+02	1.436045e-12	2.481483e-01	1.000000e+00	2.744527e-12	2.177521e-01	8.162952e-05	4.628691e-09	2.209006e-01	9.999978e-01	1.447635e-15	2.462576e-01	6.032205e-05	2.533536e-13	2.277114e-01	2.192700e-05	3.468743e-18	2.413974e-01	2.962100e-04	7.603166e-19	2.254972e-01	1.594256e-04	1.659137e-13	2.234716e-01	1.000000e+00	5.846138e-16	2.150390e-01	9.334827e-01	1.361879e-20	2.528990e-01	1.000000e+00	4.344187e-07	2.572547e-01	1.000000e+00	1.085210e-07	2.408913e-01	1.000000e+00
1.384886e+05	2.938583e-07	2.000000e-08	1.000000e-01	2.585680e-01	1.000000e+04	-4.927711e-09	1.000000e-20	3.162278e+03	1.250900e+02	5.802554e-13	2.429676e-01	1.000000e+00	1.108993e-12	2.177277e-01	1.000000e+00	1.870235e-09	2.077473e-01	9.983555e-01	5.850423e-16	2.203983e-01	1.000000e+00	1.023848e-13	2.169637e-01	2.653797e-04	1.401984e-18	2.262924e-01	9.998577e-01	3.070492e-19	2.241236e-01	2.592770e-01	6.703024e-14	2.230551e-01	1.000000e+00	2.361880e-16	2.247672e-01	1.000000e+00	5.501842e-21	2.495610e-01	2.066205e-06	2.336137e-07	2.670993e-01	5.696008e-07	5.837251e-08	2.491738e-01	2.715352e-05
1.873817e+05	1.723765e-07	2.000000e-08	1.000000e-01	2.585680e-01	1.000000e+04	-4.927711e-09	1.000000e-20	3.162278e+03	1.250900e+02	2.343180e-13	2.649640e-01	1.000000e+00	4.480442e-13	2.039719e-01	1.000000e+00	7.555382e-10	2.047164e-01	1.000000e+00	2.363015e-16	2.177099e-01	9.225142e-01	4.135856e-14	2.057286e-01	1.000000e+00	5.663714e-19	2.282272e-01	5.272956e-02	1.240670e-19	2.249678e-01	2.899009e-02	2.707947e-14	2.224659e-01	1.864749e-01	9.541245e-17	2.203420e-01	3.237005e-03	2.221475e-21	2.358276e-01	4.145826e-03	1.373094e-07	2.836576e-01	9.998994e-01	3.431082e-08	2.673628e-01	9.259648e-01
2.535364e+05	1.092767e-07	2.000000e-08	1.000000e-01	2.585680e-01	1.000000e+04	-4.927711e-09	1.000000e-20	3.162278e+03	1.250900e+02	9.461654e-14	2.606842e-01	5.191398e-02	1.809290e-13	2.056552e-01	9.644885e-01	3.051154e-10	2.320229e-01	3.363052e-02	9.542439e-17	2.266295e-01	1.000000e+00	1.670129e-14	2.052508e-01	7.457779e-06	2.286732e-19	2.452337e-01	2.264481e-02	5.011106e-20	2.197096e-01	3.968746e-05	1.093599e-14	2.452806e-01	3.783862e-04	3.852894e-17	2.210365e-01	1.000000e+00	8.976847e-22	2.241860e-01	1.000000e+00	8.717544e-08	2.772779e-01	9.782355e-02	2.179584e-08	3.550626e-01	9.365174e-01
3.430469e+05	7.341947e-08	2.000000e-08	1.000000e-01	2.585680e-01	1.000000e+04	-4.927711e-09	1.000000e-20	3.162278e+03	1.250900e+02	3.820216e-14	2.374575e-01	1.000000e+00	7.306384e-14	2.086960e-01	1.762458e-01	1.232000e-10	2.135854e-01	1.121150e-03	3.853325e-17	2.218911e-01	1.000000e+00	6.743849e-15	2.183775e-01	1.000000e+00	9.230482e-20	2.715909e-01	1.000000e+00	2.023383e-20	2.110470e-01	1.000000e+00	4.416278e-15	2.239527e-01	9.297713e-02	1.556119e-17	2.113114e-01	1.000000e+00	3.622738e-22	2.302914e-01	1.000000e+00	5.863857e-08	2.762558e-01	2.770147e-04	1.465758e-08	2.765638e-01	5.116458e-02
4.641589e+05	5.134752e-08	2.000000e-08	1.000000e-01	2.585680e-01	1.000000e+04	-4.927711e-09	1.000000e-20	3.162278e+03	1.250900e+02	1.542735e-14	2.256734e-01	5.710507e-04	2.949739e-14	2.054036e-01	9.973011e-01	4.975299e-11	2.058718e-01	9.986894e-01	1.555729e-17	2.288227e-01	1.000000e+00	2.723454e-15	2.031944e-01	1.000000e+00	3.729943e-20	2.338041e-01	1.000000e+00	8.166008e-21	2.359661e-01	1.941915e-01	1.783099e-15	1.997316e-01	3.300841e-05	6.283269e-18	2.420417e-01	3.436754e-04	1.463779e-22	2.027328e-01	7.980642e-01	4.104648e-08	3.975206e-01	1.130274e-01	1.025124e-08	2.772340e-01	1.181906e-02
6.280291e+05	3.668910e-08	2.000000e-08	1.000000e-01	2.585680e-01	1.000000e+04	-4.927711e-09	1.000000e-20	3.162278e+03	1.250900e+02	6.227608e-15	2.672282e-01	1.000000e+00	1.191037e-14	2.154999e-01	1.000000e+00	2.008735e-11	2.175997e-01	1.226691e-02	6.282761e-18	2.035986e-01	7.297204e-01	1.099583e-15	2.048331e-01	6.878149e-07	1.505720e-20	2.459904e-01	6.543242e-01	3.298653e-21	2.519148e-01	5.910216e-05	7.199916e-16	2.154793e-01	1.000000e+00	2.536797e-18	2.284746e-01	1.000000e+00	5.906776e-23	2.241895e-01	1.000000e+00	2.932477e-08	5.431611e-01	3.162468e-01	7.344222e-09	3.624770e-01	2.246046e-01
8.497534e+05	2.663025e-08	2.000000e-08	1.000000e-01	2.585680e-01	1.000000e+04	-4.927711e-09	1.000000e-20	3.162278e+03	1.250900e+02	2.514077e-15	2.502615e-01	1.000000e+00	4.808532e-15	2.117475e-01	1.000000e+00	8.111270e-12	2.101378e-01	1.000000e+00	2.536597e-18	2.049790e-01	1.000000e+00	4.438812e-16	2.064172e-01	1.000000e+00	6.077110e-21	2.213710e-01	9.999999e-01	1.331932e-21	2.237024e-01	4.144458e-06	2.906867e-16	2.019867e-01	5.848637e-05	1.024070e-18	2.316821e-01	1.000000e+00	2.385162e-23	2.205758e-01	9.967244e-01	2.132361e-08	2.604998e-01	1.000000e+00	5.298524e-09	9.550602e-01	2.782592e-02
1.149757e+06	1.929863e-08	2.000000e-08	1.000000e-01	2.585680e-01	1.000000e+04	-4.927711e-09	1.000000e-20	3.162278e+03	1.250900e+02	1.015148e-15	2.404189e-01	1.000000e+00	1.941581e-15	2.115510e-01	1.000000e+00	3.274222e-12	2.127251e-01	2.178962e-02	1.024055e-18	2.091283e-01	1.000000e+00	1.792367e-16	2.075515e-01	4.401809e-05	2.454292e-21	2.332822e-01	1.000000e+00	5.376655e-22	2.654190e-01	6.052468e-04	1.173595e-16	2.087701e-01	1.000000e+00	4.137523e-19	3.942064e-01	1.000000e+00	9.632836e-24	2.286508e-01	5.585691e-01	1.543113e-08	1.616386e-01	1.048151e-04	3.864217e-09	4.839813e-01	3.525863e-04
1.555676e+06	1.426065e-08	2.000000e-08	1.000000e-01	2.585680e-01	1.000000e+04	-4.927711e-09	1.000000e-20	3.162278e+03	1.250900e+02	4.097973e-16	2.462315e-01	1.000000e+00	7.837705e-16	2.081301e-01	1.058963e-06	1.321930e-12	2.145293e-01	1.000000e+00	4.134525e-19	2.393622e-01	1.544026e-01	7.237441e-17	2.024315e-01	1.000000e+00	9.904642e-22	2.226216e-01	1.642411e-02	2.171560e-22	3.742972e-01	1.000000e+00	4.741491e-17	3.822834e-01	1.000000e+00	1.670678e-19	3.927884e-01	1.000000e+00	3.888966e-24	2.089478e-01	6.471608e-02	1.140375e-08	1.663937e-01	5.732136e-04	2.855576e-09	3.158125e-01	2.900915e-03
2.104904e+06	1.053606e-08	2.000000e-08	1.000000e-01	2.585680e-01	1.000000e+04	-4.927711e-09	1.000000e-20	3.162278e+03	1.250900e+02	1.653467e-16	2.532487e-01	3.703316e-01	3.165213e-16	2.124762e-01	1.000000e+00	5.337541e-13	2.133351e-01	4.438498e-08	1.669720e-19	2.641224e-01	1.000000e+00	2.921974e-17	2.044638e-01	1.000000e+00	4.001164e-22	2.255413e-01	1.000000e+00	8.766219e-23	2.483839e-01	3.880533e-03	1.913067e-17	2.118847e-01	1.000000e+00	6.741619e-20	2.038351e-01	1.000000e+00	1.570075e-24	2.231875e-01	1.000000e+00	8.428682e-09	1.730100e-01	7.377879e-13	2.106844e-09	1.887074e-01	1.159705e-05
2.848036e+06	7.789912e-09	2.000000e-08	1.000000e-01	2.585680e-01	1.000000e+04	-4.927711e-09	1.000000e-20	3.162278e+03	1.250900e+02	6.679155e-17	2.197028e-01	5.454240e-02	1.278003e-16	2.093888e-01	9.999997e-01	2.154904e-13	2.170824e-01	1.000000e+00	6.739903e-20	1.953594e-01	1.000000e+00	1.179553e-17	2.197137e-01	1.000000e+00	1.615395e-22	2.135181e-01	9.949141e-01	3.540788e-23	2.676020e-01	1.000000e+00	7.729313e-18	3.204900e-01	6.294293e-02	2.722719e-20	2.926622e-01	1.000000e+00	6.341446e-25	2.116839e-01	1.616169e-03	6.230319e-09	1.709333e-01	1.133160e-08	1.559378e-09	1.985241e-01	1.304789e-08
3.853529e+06	5.755020e-09	2.000000e-08	1.000000e-01	2.585680e-01	1.000000e+04	-4.927711e-09	1.000000e-20	3.162278e+03	1.250900e+02	2.695816e-17	2.376710e-01	1.000000e+00	5.159591e-17	2.038623e-01	2.273583e-06	8.700516e-14	2.217677e-01	1.000000e+00	2.721053e-20	2.206357e-01	6.327512e-07	4.762182e-18	2.146742e-01	9.946118e-01	6.520916e-23	2.281405e-01	9.143855e-07	1.428854e-23	2.567521e-01	1.000000e+00	3.118223e-18	2.079780e-01	1.000000e+00	1.098807e-20	2.065874e-01	1.000000e+00	2.558902e-25	2.343536e-01	9.895885e-01	4.603934e-09	1.829639e-01	1.937455e-07	1.150999e-09	1.770858e-01	2.695050e-08
5.214008e+06	4.254028e-09	2.000000e-08	1.000000e-01	2.585680e-01	1.000000e+04	-4.927711e-09	1.000000e-20	3.162278e+03	1.250900e+02	1.088413e-17	2.334334e-01	1.795849e-02	2.083112e-17	2.004717e-01	2.174748e-07	3.512388e-14	2.186016e-01	1.000000e+00	1.098787e-20	1.998849e-01	1.000000e+00	1.923079e-18	2.153408e-01	1.000000e+00	2.632289e-23	2.176224e-01	7.111830e-01	5.769860e-24	2.233979e-01	1.000000e+00	1.259194e-18	1.964983e-01	9.922502e-01	4.435633e-21	2.290184e-01	2.333539e-05	1.033662e-25	2.141926e-01	1.000000e+00	3.403393e-09	1.606820e-01	8.289826e-13	8.505993e-10	1.671031e-01	4.082748e-14
7.054802e+06	3.143369e-09	2.000000e-08	1.000000e-01	2.585680e-01	1.000000e+04	-4.927711e-09	1.000000e-20	3.162278e+03	1.250900e+02	4.394470e-18	2.174414e-01	9.997245e-01	8.409946e-18	2.190645e-01	4.188932e-01	1.418272e-14	2.038370e-01	1.000000e+00	4.434086e-21	2.272814e-01	1.000000e+00	7.763167e-19	2.027606e-01	2.592804e-07	1.063213e-23	1.989346e-01	1.000000e+00	2.329191e-24	2.220470e-01	1.000000e+00	5.082051e-19	2.295573e-01	1.000000e+00	1.790968e-21	2.097660e-01	1.000000e+00	4.172195e-26	2.220735e-01	1.000000e+00	2.514732e-09	1.646085e-01	2.195316e-12	6.286228e-10	1.655392e-01	6.103181e-11
9.545485e+06	2.322894e-09	2.000000e-08	1.000000e-01	2.585680e-01	1.000000e+04	-4.927711e-09	1.000000e-20	3.162278e+03	1.250900e+02	1.774247e-18	2.433327e-01	1.000000e+00	3.395461e-18	1.957472e-01	1.000000e+00	5.725777e-15	2.117428e-01	1.000000e+00	1.790693e-21	2.078213e-01	2.648922e-01	3.134270e-19	1.955449e-01	1.000000e+00	4.290961e-24	2.289240e-01	1.000000e+00	9.404329e-25	2.259394e-01	9.997338e-01	2.052152e-19	2.063954e-01	1.000000e+00	7.230676e-22	2.081969e-01	1.000000e+00	1.684244e-26	2.324196e-01	8.305314e-01	1.858326e-09	1.659775e-01	2.568113e-13	4.645617e-10	1.705298e-01	3.331154e-07
1.291550e+07	1.716819e-09	2.000000e-08	1.000000e-01	2.585680e-01	1.000000e+04	-4.927711e-09	1.000000e-20	3.162278e+03	1.250900e+02	7.159941e-19	2.761951e-01	1.000000e+00	1.370891e-18	1.951378e-01	2.641047e-01	2.312116e-15	2.060973e-01	1.000000e+00	7.230776e-22	1.972366e-01	9.569718e-01	1.265221e-19	2.191840e-01	1.000000e+00	1.732644e-24	2.239728e-01	9.999979e-01	3.796597e-25	2.282863e-01	1.000000e+00	8.286007e-20	1.920386e-01	1.000000e+00	2.919064e-22	2.210009e-01	1.000000e+00	6.800876e-27	2.196730e-01	4.706603e-02	1.373431e-09	1.619780e-01	2.704517e-13	3.433854e-10	1.541274e-01	1.606509e-09
1.747528e+07	1.268852e-09	2.000000e-08	1.000000e-01	2.585680e-01	1.000000e+04	-4.927711e-09	1.000000e-20	3.162278e+03	1.250900e+02	2.890623e-19	2.566739e-01	9.760757e-01	5.535225e-19	2.077722e-01	1.000000e+00	9.334433e-16	2.125029e-01	1.000000e+00	2.919330e-22	2.345299e-01	1.000000e+00	5.108926e-20	1.921384e-01	1.000000e+00	6.996004e-25	2.178560e-01	6.804904e-01	1.532897e-25	2.522280e-01	1.000000e+00	3.345496e-20	2.075789e-01	1.000000e+00	1.178452e-22	2.361410e-01	2.082234e-05	2.744850e-27	2.184147e-01	1.000000e+00	1.015084e-09	1.620250e-01	1.051974e-12	2.537677e-10	1.655162e-01	4.237755e-13
2.364489e+07	9.377806e-10	2.000000e-08	1.000000e-01	2.585680e-01	1.000000e+04	-4.927711e-09	1.000000e-20	3.162278e+03	1.250900e+02	1.166844e-19	2.692935e-01	8.456935e-01	2.234546e-19	2.190146e-01	6.939228e-04	3.768187e-16	2.209012e-01	1.713644e-06	1.178443e-22	2.180325e-01	1.000000e+00	2.062786e-20	2.090890e-01	1.000000e+00	2.825165e-25	2.378880e-01	1.000000e+00	6.187354e-26	2.866433e-01	1.000000e+00	1.350799e-20	1.978525e-01	1.000000e+00	4.758592e-23	2.212164e-01	1.000000e+00	1.108740e-27	2.271828e-01	2.247987e-03	7.502221e-10	1.705441e-01	2.191662e-11	1.875581e-10	1.589302e-01	2.423191e-12
3.199267e+07	6.930834e-10	2.000000e-08	1.000000e-01	2.585680e-01	1.000000e+04	-4.927711e-09	1.000000e-20	3.162278e+03	1.250900e+02	4.712157e-20	2.470502e-01	9.999999e-01	9.022472e-20	2.031845e-01	9.985548e-01	1.521541e-16	2.065282e-01	1.000000e+00	4.756992e-23	2.178758e-01	7.862507e-03	8.327945e-21	1.982585e-01	6.815242e-03	1.140435e-25	1.986394e-01	1.000000e+00	2.498838e-26	1.978937e-01	1.000000e+00	5.452631e-21	2.141151e-01	8.678651e-01	1.920710e-23	2.184603e-01	1.000000e+00	4.475600e-28	2.264051e-01	1.000000e+00	5.544650e-10	1.643720e-01	2.453227e-11	1.386183e-10	1.661418e-01	5.836292e-13
4.328761e+07	5.122789e-10	2.000000e-08	1.000000e-01	2.585680e-01	1.000000e+04	-4.927711e-09	1.000000e-20	3.162278e+03	1.250900e+02	1.902197e-20	2.471684e-01	1.000000e+00	3.642378e-20	1.927055e-01	1.000000e+00	6.143728e-17	2.028707e-01	7.345464e-01	1.921063e-23	2.221725e-01	1.000000e+00	3.361816e-21	2.184077e-01	1.000000e+00	4.603449e-26	2.177590e-01	1.000000e+00	1.008639e-26	2.291873e-01	9.957628e-01	2.201764e-21	1.943311e-01	1.000000e+00	7.758074e-24	1.928622e-01	1.000000e+00	1.806796e-28	2.167690e-01	1.000000e+00	4.098256e-10	1.742121e-01	4.405807e-09	1.024532e-10	1.625944e-01	4.258470e-09
5.857021e+07	3.785938e-10	2.000000e-08	1.000000e-01	2.585680e-01	1.000000e+04	-4.927711e-09	1.000000e-20	3.162278e+03	1.250900e+02	7.680011e-21	2.700442e-01	1.000000e+00	1.470135e-20	2.168286e-01	1.000000e+00	2.480226e-17	2.017139e-01	1.000000e+00	7.755188e-24	2.220548e-01	1.000000e+00	1.357194e-21	2.197383e-01	1.000000e+00	1.858720e-26	2.229304e-01	1.000000e+00	4.071527e-27	2.124764e-01	1.000000e+00	8.889209e-22	2.067568e-01	1.000000e+00	3.131268e-24	2.282861e-01	4.435094e-06	7.316970e-29	3.325573e-01	1.000000e+00	3.028748e-10	1.645756e-01	7.860702e-10	7.571902e-11	1.598782e-01	3.240563e-11
7.924829e+07	2.798098e-10	2.000000e-08	1.000000e-01	2.585680e-01	1.000000e+04	-4.927711e-09	1.000000e-20	3.162278e+03	1.250900e+02	3.099810e-21	2.392030e-01	2.948657e-02	5.937176e-21	2.536324e-01	9.957356e-01	1.001411e-17	2.014119e-01	9.827771e-04	3.130350e-24	2.151167e-01	1.000000e+00	5.480587e-22	2.239917e-01	1.000000e+00	7.506790e-27	2.431249e-01	1.808484e-04	1.644543e-27	1.984566e-01	1.000000e+00	3.589216e-22	1.912508e-01	1.733313e-01	1.264453e-24	2.141016e-01	1.097055e-04	2.944765e-29	2.167489e-01	1.000000e+00	2.238482e-10	1.658957e-01	3.244492e-10	5.596158e-11	1.649299e-01	2.042840e-11
1.072267e+08	2.068185e-10	2.000000e-08	1.000000e-01	2.585680e-01	1.000000e+04	-4.927711e-09	1.000000e-20	3.162278e+03	1.250900e+02	1.251255e-21	2.264220e-01	9.999003e-01	2.397475e-21	2.175123e-01	2.142672e-05	4.042653e-18	1.995344e-01	1.000000e+00	1.264302e-24	2.178855e-01	9.956691e-01	2.213030e-22	1.981261e-01	2.231597e-07	3.030297e-27	1.961866e-01	1.000000e+00	6.639739e-28	1.976954e-01	1.000000e+00	1.449058e-22	2.033142e-01	1.146823e-04	5.105541e-25	2.033775e-01	7.169943e-02	1.188833e-29	2.209593e-01	1.000000e+00	1.654575e-10	1.603426e-01	2.274230e-10	4.136091e-11	1.633592e-01	2.441495e-09
1.450829e+08	1.528355e-10	2.000000e-08	1.000000e-01	2.585680e-01	1.000000e+04	-4.927711e-09	1.000000e-20	3.162278e+03	1.250900e+02	5.051592e-22	2.415206e-01	1.000000e+00	9.678408e-22	2.040340e-01	1.000000e+00	1.632373e-18	2.021872e-01	3.224848e-01	5.103040e-25	2.155101e-01	1.000000e+00	8.933821e-23	1.927067e-01	5.345415e-06	1.223492e-27	2.172043e-01	9.999965e-01	2.681357e-28	2.451739e-01	3.276896e-01	5.850601e-23	2.014538e-01	7.278763e-03	2.061157e-25	2.156520e-01	2.377674e-05	4.800916e-30	2.214034e-01	2.925468e-01	1.222679e-10	1.684479e-01	7.752333e-13	3.056757e-11	1.637985e-01	1.560976e-11
1.963041e+08	1.129548e-10	2.000000e-08	1.000000e-01	2.585680e-01	1.000000e+04	-4.927711e-09	1.000000e-20	3.162278e+03	1.250900e+02	2.039324e-22	2.604752e-01	2.474831e-02	3.907550e-22	1.907099e-01	1.000000e+00	6.590162e-19	2.091608e-01	9.657325e-08	2.060708e-25	2.178667e-01	1.000000e+00	3.606878e-23	2.134682e-01	4.026238e-01	4.939380e-28	2.188212e-01	1.000000e+00	1.082095e-28	2.176239e-01	1.000000e+00	2.361517e-23	2.164476e-01	4.609422e-04	8.322263e-26	2.161727e-01	1.775269e-02	1.937967e-30	2.224680e-01	1.000000e+00	9.036392e-11	1.634813e-01	3.920153e-11	2.259092e-11	1.681338e-01	5.717388e-12
2.656088e+08	8.348085e-11	2.000000e-08	1.000000e-01	2.585680e-01	1.000000e+04	-4.927711e-09	1.000000e-20	3.162278e+03	1.250900e+02	8.233361e-23	2.594440e-01	1.000000e+00	1.577561e-22	1.997559e-01	1.000000e+00	2.660585e-19	1.986824e-01	1.000000e+00	8.319328e-26	2.186237e-01	1.000000e+00	1.456474e-23	2.012498e-01	9.317677e-01	1.994397e-28	2.007423e-01	9.978407e-01	4.369141e-29	2.193694e-01	1.000000e+00	9.535582e-24	1.976904e-01	4.047210e-05	3.359593e-26	2.186922e-01	1.000000e+00	7.826518e-31	2.211273e-01	1.000000e+00	6.678383e-11	1.711707e-01	7.055827e-13	1.669702e-11	1.643974e-01	3.752317e-12
3.593814e+08	6.170042e-11	2.000000e-08	1.000000e-01	2.585680e-01	1.000000e+04	-4.927711e-09	1.000000e-20	3.162278e+03	1.250900e+02	3.323250e-23	2.883216e-01	9.999996e-01	6.369486e-23	1.913819e-01	1.850166e-04	1.074119e-19	2.070328e-01	1.000000e+00	3.358935e-26	2.241176e-01	8.618271e-06	5.880227e-24	2.034588e-01	2.686046e-02	8.053779e-29	2.105168e-01	1.579287e-03	1.764260e-29	2.208075e-01	1.029802e-03	3.850199e-24	2.072899e-01	1.000000e+00	1.356487e-26	1.970184e-01	8.626693e-01	3.159176e-31	2.204866e-01	1.000000e+00	4.936029e-11	1.629642e-01	3.455365e-12	1.234012e-11	1.660087e-01	2.761267e-08
4.862602e+08	4.559904e-11	2.000000e-08	1.000000e-01	2.585680e-01	1.000000e+04	-4.927711e-09	1.000000e-20	3.162278e+03	1.250900e+02	1.341924e-23	2.301863e-01	2.750750e-02	2.571235e-23	1.974822e-01	1.000000e+00	4.337141e-20	2.179368e-01	1.000000e+00	1.356304e-26	2.240735e-01	1.000000e+00	2.373682e-24	2.357040e-01	1.000000e+00	3.250956e-29	2.607982e-01	3.058338e-06	7.120792e-30	2.176682e-01	9.997117e-01	1.554491e-24	1.960014e-01	1.000000e+00	5.477285e-27	2.152673e-01	1.000000e+00	1.275544e-31	2.159874e-01	5.067649e-03	3.647923e-11	1.717143e-01	1.033440e-12	9.119811e-12	1.671177e-01	1.469702e-12
6.579332e+08	3.370203e-11	2.000000e-08	1.000000e-01	2.585680e-01	1.000000e+04	-4.927711e-09	1.000000e-20	3.162278e+03	1.250900e+02	5.417378e-24	2.258141e-01	1.000000e+00	1.038251e-23	2.102698e-01	1.000000e+00	1.750939e-20	2.243949e-01	1.000000e+00	5.476494e-27	2.120357e-01	2.542111e-02	9.583721e-25	2.100156e-01	1.000000e+00	1.312175e-29	2.340529e-01	2.372240e-04	2.876029e-30	1.986008e-01	1.000000e+00	6.273958e-25	2.129868e-01	7.619615e-01	2.211350e-27	2.077424e-01	3.540875e-04	5.150078e-32	2.235214e-01	9.802184e-01	2.696173e-11	1.646166e-01	4.955834e-12	6.740301e-12	1.671267e-01	2.102100e-11
8.902151e+08	2.490746e-11	2.000000e-08	1.000000e-01	2.585680e-01	1.000000e+04	-4.927711e-09	1.000000e-20	3.162278e+03	1.250900e+02	2.187122e-24	2.412806e-01	1.000000e+00	4.192145e-24	2.079358e-01	1.000000e+00	7.070632e-21	2.001051e-01	1.000000e+00	2.211100e-27	2.035696e-01	9.999983e-01	3.867993e-25	2.160337e-01	6.760200e-05	5.298642e-30	2.132787e-01	6.107797e-05	1.160479e-30	2.213092e-01	1.000000e+00	2.533924e-25	2.201277e-01	1.000000e+00	8.927530e-28	2.329952e-01	1.000000e+00	2.079850e-32	1.954333e-01	1.000000e+00	1.992567e-11	1.722027e-01	1.846274e-13	4.981784e-12	1.627675e-01	8.511862e-12
1.204504e+09	1.840821e-11	2.000000e-08	1.000000e-01	2.585680e-01	1.000000e+04	-4.927711e-09	1.000000e-20	3.162278e+03	1.250900e+02	8.828984e-25	2.490313e-01	1.000000e+00	1.692408e-24	2.058245e-01	9.998978e-01	2.854027e-21	1.973204e-01	1.000000e+00	8.926436e-28	1.926348e-01	1.000000e+00	1.562475e-25	2.154181e-01	1.000000e+00	2.139679e-30	2.044775e-01	1.000000e+00	4.687011e-31	2.225661e-01	8.510242e-02	1.022955e-25	2.020802e-01	1.000000e+00	3.604240e-28	1.932777e-01	1.000000e+00	8.395303e-33	2.253094e-01	1.000000e+00	1.472645e-11	1.788217e-01	1.828069e-12	3.681767e-12	1.735116e-01	7.699062e-12
1.629751e+09	1.360546e-11	2.000000e-08	1.000000e-01	2.585680e-01	1.000000e+04	-4.927711e-09	1.000000e-20	3.162278e+03	1.250900e+02	3.564448e-25	2.289238e-01	8.874227e-03	6.833245e-25	1.960761e-01	1.000000e+00	1.152359e-21	2.103128e-01	1.000000e+00	3.603714e-28	2.115079e-01	1.000000e+00	6.307377e-26	1.925254e-01	2.965693e-04	8.637545e-31	2.186556e-01	1.000000e+00	1.892095e-31	2.153673e-01	1.052905e-01	4.130328e-26	2.019817e-01	2.281740e-06	1.454789e-28	2.245087e-01	1.000000e+00	3.390264e-33	2.122285e-01	1.000000e+00	1.088437e-11	1.729145e-01	4.372491e-13	2.721097e-12	1.730117e-01	3.420422e-13
2.205131e+09	1.005625e-11	2.000000e-08	1.000000e-01	2.585680e-01	1.000000e+04	-4.927711e-09	1.000000e-20	3.162278e+03	1.250900e+02	1.438961e-25	2.284270e-01	9.674820e-01	2.758656e-25	2.062819e-01	1.000000e+00	4.653152e-22	2.741209e-01	1.000000e+00	1.454797e-28	2.233133e-01	1.000000e+00	2.546054e-26	2.431111e-01	1.000000e+00	3.488005e-31	3.345392e-01	6.707105e-05	7.641328e-32	2.390356e-01	1.000000e+00	1.667350e-26	2.467178e-01	9.681588e-01	5.876214e-29	2.854404e-01	1.000000e+00	1.369015e-33	2.116584e-01	4.116547e-03	8.045070e-12	1.646974e-01	2.255774e-12	2.011182e-12	1.678533e-01	1.518438e-09
2.983647e+09	7.432243e-12	2.000000e-08	1.000000e-01	2.585680e-01	1.000000e+04	-4.927711e-09	1.000000e-20	3.162278e+03	1.250900e+02	5.809579e-26	2.584405e-01	9.999999e-01	1.113746e-25	2.046919e-01	1.000000e+00	1.878277e-22	1.981617e-01	9.926359e-01	5.871864e-29	2.244757e-01	1.000000e+00	1.028187e-26	2.048171e-01	1.000000e+00	1.407994e-31	1.973687e-01	1.000000e+00	3.083970e-32	2.159579e-01	9.569877e-01	6.732045e-27	2.000020e-01	1.000000e+00	2.372211e-29	2.381215e-01	1.000000e+00	5.523699e-34	2.234036e-01	9.080172e-01	5.945798e-12	1.741641e-01	6.775182e-13	1.486444e-12	1.680682e-01	1.559317e-11
4.037017e+09	5.493069e-12	2.000000e-08	1.000000e-01	2.585680e-01	1.000000e+04	-4.927711e-09	1.000000e-20	3.162278e+03	1.250900e+02	2.345152e-26	2.250476e-01	9.807937e-01	4.497008e-26	2.084310e-01	9.989837e-01	7.583748e-23	2.012213e-01	6.560709e-04	2.371971e-29	2.277408e-01	1.000000e+00	4.150875e-27	2.097344e-01	1.000000e+00	5.684276e-32	1.980662e-01	4.827828e-01	1.244910e-32	2.175663e-01	1.000000e+00	2.718109e-27	2.090011e-01	1.000000e+00	9.575706e-30	2.141301e-01	1.000000e+00	2.231828e-34	2.945457e-01	1.000000e+00	4.394455e-12	1.664846e-01	6.730491e-12	1.098613e-12	1.675385e-01	2.626873e-11
5.462277e+09	4.059958e-12	2.000000e-08	1.000000e-01	2.585680e-01	1.000000e+04	-4.927711e-09	1.000000e-20	3.162278e+03	1.250900e+02	9.465194e-27	2.623854e-01	1.723763e-01	1.815586e-26	2.053844e-01	1.265272e-01	3.062104e-23	2.121596e-01	1.000000e+00	9.574202e-30	2.252828e-01	1.000000e+00	1.675660e-27	2.338709e-01	1.000000e+00	2.294849e-32	2.277261e-01	9.999819e-01	5.028853e-33	1.893605e-01	1.220996e-03	1.097506e-27	2.160188e-01	1.000000e+00	3.866797e-30	2.169152e-01	1.000000e+00	9.003949e-35	2.176908e-01	9.017507e-01	3.247992e-12	1.770699e-01	5.123010e-12	8.119664e-13	1.739009e-01	4.672327e-12
7.390722e+09	3.000333e-12	2.000000e-08	1.000000e-01	2.585680e-01	1.000000e+04	-4.927711e-09	1.000000e-20	3.162278e+03	1.250900e+02	3.821413e-27	2.712852e-01	1.264743e-02	7.329657e-27	2.127126e-01	1.000000e+00	1.236281e-23	2.073273e-01	1.000000e+00	3.866468e-30	2.086089e-01	4.786582e-02	6.765616e-28	1.869970e-01	1.000000e+00	9.262312e-33	2.180546e-01	1.000000e+00	2.030255e-33	2.277081e-01	1.000000e+00	4.430529e-28	1.888482e-01	1.000000e+00	1.561027e-30	2.224705e-01	1.758407e-06	3.636905e-35	2.207224e-01	1.000000e+00	2.400217e-12	1.678037e-01	1.206265e-08	6.001159e-13	1.737095e-01	8.290940e-11
1.000000e+10	2.217545e-12	2.000000e-08	1.000000e-01	2.585680e-01	1.000000e+04	-4.927711e-09	1.000000e-20	3.162278e+03	1.250900e+02	1.542640e-27	2.571451e-01	2.921820e-02	2.959044e-27	2.051404e-01	3.907760e-05	4.990773e-24	2.259404e-01	7.074852e-02	1.560651e-30	2.196476e-01	1.000000e+00	2.732026e-28	2.173256e-01	1.000000e+00	3.741391e-33	2.449172e-01	1.000000e+00	8.197733e-34	2.039177e-01	1.000000e+00	1.788904e-28	2.185059e-01	5.114239e-06	6.303059e-31	2.283300e-01	1.000000e+00	1.467892e-35	2.212492e-01	2.577910e-03	1.774027e-12	1.771174e-01	2.499995e-12	4.435178e-13	1.707015e-01	4.214937e-12
